              precision    recall  f1-score   support

          23       0.00      0.00      0.00         3
          24       0.00      0.00      0.00         6
          25       0.00      0.00      0.00         6
          26       0.00      0.00      0.00        11
          27       1.00      0.06      0.11        18
          28       0.00      0.00      0.00        23
          29       0.15      0.40      0.21        20
          30       0.17      0.39      0.23        28
          31       0.12      0.09      0.11        32
          32       0.17      0.10      0.12        21
          33       0.22      0.19      0.21        21
          34       0.05      0.03      0.04        36
          35       0.20      0.50      0.28        30
          36       0.12      0.05      0.07        21
          37       0.33      0.04      0.07        24
          38       0.00      0.00      0.00        21
          39       0.27      0.67      0.38        21
          40       0.33      0.24      0.28        25
          41       0.38      0.10      0.15        31
          42       0.19      0.18      0.19        22
          43       0.15      0.44      0.22        25
          44       0.00      0.00      0.00        18
          45       0.06      0.09      0.07        22
          46       0.16      0.28      0.20        18
          47       0.00      0.00      0.00        25
          48       0.25      0.03      0.06        29
          49       0.20      0.08      0.11        25
          50       0.21      0.32      0.26        34
          51       0.11      0.14      0.13        28
          52       0.15      0.23      0.18        31
          53       0.25      0.20      0.22        20
          54       0.20      0.30      0.24        30
          55       0.11      0.08      0.09        26
          56       0.00      0.00      0.00        26
          57       0.22      0.16      0.19        25
          58       0.10      0.23      0.14        26
          59       0.12      0.14      0.13        28
          60       0.18      0.14      0.16        29
          61       0.07      0.04      0.05        25
          62       0.16      0.26      0.20        23
          63       0.15      0.14      0.14        22
          64       0.00      0.00      0.00        12
          65       0.20      0.04      0.07        24
          66       0.00      0.00      0.00         6
          67       0.00      0.00      0.00         3

    accuracy                           0.16      1000
   macro avg       0.15      0.14      0.12      1000
weighted avg       0.17      0.16      0.13      1000
